Buffer = 100       Seuil = 80.000000           Horloge = 15             NbreMoy = 4.008269568469039280e+00

Buffer = 100       Seuil = 80.000000           Horloge = 15             NbreMoy = 4.008269568469039280e+00

