Buffer = 250       Seuil = 190.000000           Horloge = 40             NbreMoy = 6.133709968253968316e+00

Buffer = 250       Seuil = 190.000000           Horloge = 40             NbreMoy = 6.133709968253968316e+00

Buffer = 250       Seuil = 190.000000           Horloge = 40             NbreMoy = 6.521737828369771463e+00

Buffer = 250       Seuil = 190.000000           Horloge = 40             NbreMoy = 8.359787179975652441e+00

