Buffer = 250       Seuil = 190.000000           Horloge = 40             NbreMoy = 6.133709968253968316e+00

Buffer = 250       Seuil = 190.000000           Horloge = 40             NbreMoy = 6.133709968253968316e+00

