Buffer = 60       Seuil = 45.000000           Horloge = 18             NbreMoy = 8.196970049699805647e-01

Buffer = 60       Seuil = 45.000000           Horloge = 18             NbreMoy = 8.196970049699805647e-01

Buffer = 60       Seuil = 45.000000           Horloge = 18             NbreMoy = 1.218038004506456270e+00

Buffer = 60       Seuil = 45.000000           Horloge = 18             NbreMoy = 1.510739588352946697e+00

