Periode :    28    Pertes :  2.690173692338076E-08    NbreMoyen :  5.752228661284402E-01   Attente :  1.855557632672388E-02    
Periode :    28    Pertes :  2.690173692338076E-08    NbreMoyen :  5.752228661284402E-01   Attente :  1.855557632672388E-02    
