Periode :    22    Pertes :  1.669043926835268E-16    NbreMoyen :  3.475773013905951E-01   Attente :  1.121217101259984E-02    
Periode :    22    Pertes :  1.669043926835268E-16    NbreMoyen :  3.475773013905951E-01   Attente :  1.121217101259984E-02    
