Periode :    22    Pertes :  4.119297395736859E-17    NbreMoyen :  3.522858349348848E-01   Attente :  1.136405919144790E-02    
Periode :    28    Pertes :  1.709623215387840E-08    NbreMoyen :  5.729058271655334E-01   Attente :  1.848083313437205E-02    
Periode :    28    Pertes :  1.709623215387840E-08    NbreMoyen :  5.729058271655334E-01   Attente :  1.848083313437205E-02    
Periode :    28    Pertes :  1.709623215387840E-08    NbreMoyen :  5.729058271655334E-01   Attente :  1.848083313437205E-02    
