Periode :    30    Pertes :  3.847063880761693E-05    NbreMoyen :  8.865557978771155E-01   Attente :  2.859857412506824E-02    
Periode :    30    Pertes :  3.847063880761693E-05    NbreMoyen :  8.865557978771155E-01   Attente :  2.859857412506824E-02    
Periode :    30    Pertes :  3.847063880761693E-05    NbreMoyen :  8.865557978771155E-01   Attente :  2.859857412506824E-02    
