Buffer = 80       Seuil = 60.000000           Horloge = 25             NbreMoy = 8.308982986185676129e-01

Buffer = 80       Seuil = 60.000000           Horloge = 30             NbreMoy = 8.358885315230796875e-01

Buffer = 80       Seuil = 60.000000           Horloge = 26             NbreMoy = 8.320403602725033413e-01

